# Pickle Keystone Configuration v1.0
show_corners=0
show_border=0
show_help=0
# Corner positions (x y)
corner0=-0.026285 0.685643
corner1=0.812655 0.700000
corner2=0.821034 -0.823578
corner3=-0.064412 -0.858460
