# Pickle Keystone Configuration v1.0
show_corners=0
show_border=0
show_help=0
# Corner positions (x y)
corner0=-0.817115 -0.668263
corner1=0.102459 -0.700355
corner2=0.114159 0.409433
corner3=-0.723315 0.606141
