# Pickle Keystone Configuration v1.0
show_corners=1
show_border=0
show_help=0
# Corner positions (x y)
corner0=-0.805066 0.733222
corner1=0.131208 0.673001
corner2=0.134602 -0.678613
corner3=-0.800000 -0.678415
