# Pickle Keystone Configuration v1.0
show_corners=1
show_border=0
show_help=0
# Corner positions (x y)
corner0=-0.892351 0.719864
corner1=-0.085811 0.704416
corner2=-0.131156 -0.863644
corner3=-0.913193 -0.873450
