# Pickle Keystone Configuration v1.0
show_corners=1
show_border=1
show_help=0
# Corner positions (x y)
corner0=-0.939268 -0.754097
corner1=-0.399949 -0.705820
corner2=-0.388586 0.454069
corner3=-0.892094 0.303872
