# Pickle Keystone Configuration v1.0
show_corners=0
show_border=0
show_help=0
# Corner positions (x y)
corner0=-0.026285 0.700000
corner1=0.479017 0.700000
corner2=0.468979 -0.515931
corner3=-0.064412 -0.485637
