# Pickle Keystone Configuration v1.0
show_corners=0
show_border=0
show_help=0
# Corner positions (x y)
corner0=-0.710117 0.736385
corner1=-0.084177 0.688847
corner2=-0.156616 -0.804011
corner3=-0.685378 -0.783673
