# Pickle Keystone Configuration v1.0
show_corners=1
show_border=1
show_help=0
# Corner positions (x y)
corner0=-0.381969 0.710060
corner1=0.332592 0.737448
corner2=0.303054 -0.503469
corner3=-0.362757 -0.519378
