# Pickle Keystone Configuration v1.0
show_corners=1
show_border=1
show_help=0
# Corner positions (x y)
corner0=-0.153897 0.364249
corner1=0.627660 0.518533
corner2=0.572285 -0.532085
corner3=-0.271989 -0.682275
