# Pickle Keystone Configuration v1.0
show_corners=1
show_border=1
show_help=0
# Corner positions (x y)
corner0=-0.649873 0.736385
corner1=0.255334 0.688847
corner2=0.273416 -0.804011
corner3=-0.685378 -0.910435
