# Pickle Keystone Configuration v1.0
show_corners=1
show_border=1
show_help=0
# Corner positions (x y)
corner0=-0.265723 0.527233
corner1=0.300737 0.628647
corner2=0.265421 -0.719041
corner3=-0.336876 -0.703712
