# Pickle Keystone Configuration v1.0
show_corners=1
show_border=1
show_help=0
# Corner positions (x y)
corner0=-0.919752 0.528034
corner1=-0.434076 0.771451
corner2=-0.447465 -0.827384
corner3=-0.856223 -0.611445
