# Pickle Keystone Configuration v1.0
show_corners=0
show_border=0
show_help=0
# Corner positions (x y)
corner0=-1.000000 0.886931
corner1=-0.174377 0.826080
corner2=-0.168448 -0.728908
corner3=-1.000000 -0.675217
