# Pickle Keystone Configuration v1.0
show_corners=0
show_border=0
show_help=0
# Corner positions (x y)
corner0=-0.892351 0.717069
corner1=-0.085811 0.695998
corner2=-0.129387 -0.869947
corner3=-0.913193 -0.864800
