# Pickle Keystone Configuration v1.0
show_corners=0
show_border=0
show_help=0
# Corner positions (x y)
corner0=-0.051429 0.700000
corner1=0.604529 0.700000
corner2=0.605237 -0.700000
corner3=-0.064412 -0.700000
